size,read_files,hmm_scan,hmm_align,distance_calc,cc_gen
10,0.04,0.0,0.502,0.238,0.221
25,0.038,0.356,0.346,0.231,0.029
50,0.047,0.543,0.169,0.232,0.008
75,0.051,0.577,0.152,0.214,0.006
100,0.046,0.645,0.111,0.193,0.005
250,0.051,0.67,0.046,0.222,0.011
500,0.051,0.672,0.029,0.232,0.016
750,0.048,0.677,0.02,0.235,0.02
1000,0.045,0.668,0.018,0.244,0.025
2500,0.045,0.666,0.013,0.232,0.045
5000,0.035,0.535,0.049,0.318,0.063
10000,0.044,0.587,0.018,0.23,0.12
25000,0.037,0.477,0.02,0.231,0.235
