  File: lustre/data/bigscape_v2_benchmark/output_v1/50000_partition_1/html_content/networks/2024-10-31_22-59-03_hybrids_glocal_c0.30/mix/bs_networks.js
  Size: 0         	Blocks: 0          IO Block: 4194304 regular empty file
Device: 41386bd6h/1094216662d	Inode: 144116323306296594  Links: 1
Access: (0644/-rw-r--r--)  Uid: (17504506/drais008)   Gid: (16777729/domain users)
Access: 2024-11-02 16:53:39.000000000 +0100
Modify: 2024-11-02 16:53:39.000000000 +0100
Change: 2024-11-02 16:53:39.000000000 +0100
 Birth: -