  File: /home/drais008/lustre/data/bigscape_v2_benchmark/output_v1/50000_partition_1/logs/parameters.txt
  Size: 306       	Blocks: 8          IO Block: 4194304 regular file
Device: 41386bd6h/1094216662d	Inode: 144116317400689675  Links: 1
Access: (0644/-rw-r--r--)  Uid: (17504506/drais008)   Gid: (16777729/domain users)
Access: 2024-10-31 22:59:03.000000000 +0100
Modify: 2024-10-31 22:59:03.000000000 +0100
Change: 2024-10-31 22:59:03.000000000 +0100
 Birth: -
